0.000127898147389562
0.000130177625943492
0.000137140499991974
0.000148978660314157
0.000165220327714728
0.00018321846832429
0.000197288267089983
0.000202221831067794
0.000197288267089983
0.00018321846832429
0.000165220327714728
0.000148978660314157
0.000137140499991974
0.000130177625943492
0.000127898147389562
0.000130177625943492
0.000137140499991974
0.000148978660314157
0.000165220327714728
0.00018321846832429
0.000197288267089983
0.000202221831067794
0.000197288267089983
0.00018321846832429
0.000165220327714728
0.000148978660314157
0.000137140499991974
0.000130177625943492
0.000127898147389562
0.000130177625943492
0.000137140499991974
0.000148978660314157
0.000165220327714728
0.00018321846832429
0.000197288267089983
0.000202221831067794
0.000197288267089983
0.00018321846832429
0.000165220327714728
0.000148978660314157
0.000137140499991974
0.000130177625943492
0.000127898147389562
0.000130177625943492
0.000137140499991974
0.000148978660314157
0.000165220327714728
0.00018321846832429
0.000197288267089983
0.000202221831067794
0.000197288267089983
0.00018321846832429
0.000165220327714728
0.000148978660314157
0.000137140499991974
0.000130177625943492
0.000127898147389562
0.000127898082246613
0.000130177566743823
0.000137140462589135
0.000148978673719821
0.000165220442855223
0.000183218746118727
0.000197288713497722
0.000202222345972144
0.000197288713497722
0.000183218746118727
0.000165220442855223
0.000148978673719821
0.000137140462589135
0.000130177566743823
0.000127898082246613
0.000130177566743823
0.000137140462589135
0.000148978673719821
0.000165220442855223
0.000183218746118727
0.000197288713497722
0.000202222345972144
0.000197288713497722
0.000183218746118727
0.000165220442855223
0.000148978673719821
0.000137140462589135
0.000130177566743823
0.000127898082246613
0.000130177566743823
0.000137140462589135
0.000148978673719821
0.000165220442855223
0.000183218746118727
0.000197288713497722
0.000202222345972144
0.000197288713497722
0.000183218746118727
0.000165220442855223
0.000148978673719821
0.000137140462589135
0.000130177566743823
0.000127898082246613
0.000130177566743823
0.000137140462589135
0.000148978673719821
0.000165220442855223
0.000183218746118727
0.000197288713497722
0.000202222345972144
0.000197288713497722
0.000183218746118727
0.000165220442855223
0.000148978673719821
0.000137140462589135
0.000130177566743823
0.000127898082246613
0.000127897911706603
0.000130177411763771
0.000137140364674852
0.000148978708826252
0.000165220744312646
0.000183219473421881
0.000197289882252396
0.000202223694060778
0.000197289882252396
0.000183219473421881
0.000165220744312646
0.000148978708826252
0.000137140364674852
0.000130177411763771
0.000127897911706603
0.000130177411763771
0.000137140364674852
0.000148978708826252
0.000165220744312646
0.000183219473421881
0.000197289882252396
0.000202223694060778
0.000197289882252396
0.000183219473421881
0.000165220744312646
0.000148978708826252
0.000137140364674852
0.000130177411763771
0.000127897911706603
0.000130177411763771
0.000137140364674852
0.000148978708826252
0.000165220744312646
0.000183219473421881
0.000197289882252396
0.000202223694060778
0.000197289882252396
0.000183219473421881
0.000165220744312646
0.000148978708826252
0.000137140364674852
0.000130177411763771
0.000127897911706603
0.000130177411763771
0.000137140364674852
0.000148978708826252
0.000165220744312646
0.000183219473421881
0.000197289882252396
0.000202223694060778
0.000197289882252396
0.000183219473421881
0.000165220744312646
0.000148978708826252
0.000137140364674852
0.000130177411763771
0.000127897911706603
0.000127897700920441
0.000130177220211281
0.000137140243661382
0.000148978752240084
0.000165221116965901
0.000183220372473778
0.000197291327000703
0.000202225360493064
0.000197291327000703
0.000183220372473778
0.000165221116965901
0.000148978752240085
0.000137140243661382
0.000130177220211281
0.000127897700920441
0.000130177220211281
0.000137140243661382
0.000148978752240084
0.000165221116965901
0.000183220372473778
0.000197291327000703
0.000202225360493064
0.000197291327000703
0.000183220372473778
0.000165221116965901
0.000148978752240085
0.000137140243661382
0.000130177220211281
0.000127897700920441
0.000130177220211281
0.000137140243661382
0.000148978752240084
0.000165221116965901
0.000183220372473778
0.000197291327000703
0.000202225360493064
0.000197291327000703
0.000183220372473778
0.000165221116965901
0.000148978752240085
0.000137140243661382
0.000130177220211281
0.000127897700920441
0.000130177220211281
0.000137140243661382
0.000148978752240084
0.000165221116965901
0.000183220372473778
0.000197291327000703
0.000202225360493064
0.000197291327000703
0.000183220372473778
0.000165221116965901
0.000148978752240085
0.000137140243661382
0.000130177220211281
0.000127897700920441
0.000127897530401277
0.000130177065252895
0.000137140145771758
0.000148978787378709
0.000165221418474111
0.000183221099867153
0.000197292495897898
0.000202226708748512
0.000197292495897898
0.000183221099867153
0.000165221418474111
0.000148978787378709
0.000137140145771758
0.000130177065252895
0.000127897530401277
0.000130177065252895
0.000137140145771757
0.000148978787378709
0.000165221418474111
0.000183221099867153
0.000197292495897898
0.000202226708748512
0.000197292495897898
0.000183221099867153
0.000165221418474111
0.000148978787378709
0.000137140145771758
0.000130177065252895
0.000127897530401277
0.000130177065252895
0.000137140145771757
0.000148978787378709
0.000165221418474111
0.000183221099867153
0.000197292495897898
0.000202226708748512
0.000197292495897898
0.000183221099867153
0.000165221418474111
0.000148978787378709
0.000137140145771758
0.000130177065252895
0.000127897530401277
0.000130177065252895
0.000137140145771757
0.000148978787378709
0.000165221418474111
0.000183221099867153
0.000197292495897898
0.000202226708748512
0.000197292495897898
0.000183221099867153
0.000165221418474111
0.000148978787378709
0.000137140145771758
0.000130177065252895
0.000127897530401277
0.000127897465271213
0.000130177006066615
0.000137140108384158
0.000148978800804269
0.000165221533645993
0.000183221377717348
0.000197292942393721
0.000202227223755959
0.000197292942393721
0.000183221377717348
0.000165221533645993
0.000148978800804269
0.000137140108384158
0.000130177006066615
0.000127897465271213
0.000130177006066615
0.000137140108384158
0.000148978800804269
0.000165221533645993
0.000183221377717348
0.000197292942393721
0.000202227223755959
0.000197292942393721
0.000183221377717348
0.000165221533645993
0.000148978800804269
0.000137140108384158
0.000130177006066615
0.000127897465271213
0.000130177006066615
0.000137140108384158
0.000148978800804269
0.000165221533645994
0.000183221377717348
0.000197292942393721
0.000202227223755959
0.000197292942393721
0.000183221377717348
0.000165221533645993
0.000148978800804269
0.000137140108384158
0.000130177006066615
0.000127897465271213
0.000130177006066615
0.000137140108384158
0.000148978800804269
0.000165221533645993
0.000183221377717348
0.000197292942393721
0.000202227223755959
0.000197292942393721
0.000183221377717348
0.000165221533645993
0.000148978800804269
0.000137140108384158
0.000130177006066615
0.000127897465271213
0.000127897530401277
0.000130177065252895
0.000137140145771758
0.000148978787378709
0.000165221418474111
0.000183221099867153
0.000197292495897898
0.000202226708748512
0.000197292495897898
0.000183221099867153
0.000165221418474111
0.000148978787378709
0.000137140145771758
0.000130177065252895
0.000127897530401277
0.000130177065252895
0.000137140145771757
0.000148978787378709
0.000165221418474111
0.000183221099867153
0.000197292495897898
0.000202226708748512
0.000197292495897898
0.000183221099867153
0.000165221418474111
0.000148978787378709
0.000137140145771758
0.000130177065252895
0.000127897530401277
0.000130177065252895
0.000137140145771758
0.000148978787378709
0.000165221418474111
0.000183221099867153
0.000197292495897898
0.000202226708748512
0.000197292495897898
0.000183221099867153
0.000165221418474111
0.000148978787378709
0.000137140145771758
0.000130177065252895
0.000127897530401277
0.000130177065252895
0.000137140145771757
0.000148978787378709
0.000165221418474111
0.000183221099867153
0.000197292495897898
0.000202226708748512
0.000197292495897898
0.000183221099867153
0.000165221418474111
0.000148978787378709
0.000137140145771758
0.000130177065252895
0.000127897530401277
0.000127897700920441
0.000130177220211281
0.000137140243661382
0.000148978752240084
0.000165221116965901
0.000183220372473778
0.000197291327000703
0.000202225360493064
0.000197291327000703
0.000183220372473778
0.000165221116965901
0.000148978752240084
0.000137140243661382
0.000130177220211281
0.000127897700920441
0.000130177220211281
0.000137140243661382
0.000148978752240084
0.000165221116965901
0.000183220372473778
0.000197291327000703
0.000202225360493064
0.000197291327000703
0.000183220372473778
0.000165221116965901
0.000148978752240084
0.000137140243661382
0.000130177220211281
0.000127897700920441
0.000130177220211281
0.000137140243661382
0.000148978752240084
0.000165221116965901
0.000183220372473778
0.000197291327000703
0.000202225360493064
0.000197291327000703
0.000183220372473778
0.000165221116965901
0.000148978752240085
0.000137140243661382
0.000130177220211281
0.000127897700920441
0.000130177220211281
0.000137140243661382
0.000148978752240084
0.000165221116965901
0.000183220372473778
0.000197291327000703
0.000202225360493064
0.000197291327000703
0.000183220372473778
0.000165221116965901
0.000148978752240085
0.000137140243661382
0.000130177220211281
0.000127897700920441
0.000127897911706603
0.000130177411763771
0.000137140364674852
0.000148978708826252
0.000165220744312646
0.000183219473421881
0.000197289882252396
0.000202223694060778
0.000197289882252396
0.000183219473421881
0.000165220744312646
0.000148978708826252
0.000137140364674852
0.000130177411763771
0.000127897911706603
0.000130177411763771
0.000137140364674852
0.000148978708826252
0.000165220744312646
0.000183219473421881
0.000197289882252396
0.000202223694060778
0.000197289882252396
0.000183219473421881
0.000165220744312646
0.000148978708826252
0.000137140364674852
0.000130177411763771
0.000127897911706603
0.000130177411763771
0.000137140364674852
0.000148978708826252
0.000165220744312646
0.000183219473421881
0.000197289882252396
0.000202223694060778
0.000197289882252396
0.000183219473421881
0.000165220744312646
0.000148978708826252
0.000137140364674852
0.000130177411763771
0.000127897911706603
0.000130177411763771
0.000137140364674852
0.000148978708826252
0.000165220744312646
0.000183219473421881
0.000197289882252396
0.000202223694060778
0.000197289882252396
0.000183219473421881
0.000165220744312646
0.000148978708826252
0.000137140364674852
0.000130177411763771
0.000127897911706603
0.000127898082246613
0.000130177566743823
0.000137140462589135
0.000148978673719821
0.000165220442855223
0.000183218746118727
0.000197288713497722
0.000202222345972144
0.000197288713497722
0.000183218746118727
0.000165220442855223
0.000148978673719821
0.000137140462589135
0.000130177566743823
0.000127898082246613
0.000130177566743823
0.000137140462589135
0.000148978673719821
0.000165220442855223
0.000183218746118727
0.000197288713497722
0.000202222345972144
0.000197288713497722
0.000183218746118727
0.000165220442855223
0.000148978673719821
0.000137140462589135
0.000130177566743823
0.000127898082246613
0.000130177566743823
0.000137140462589135
0.000148978673719821
0.000165220442855223
0.000183218746118727
0.000197288713497722
0.000202222345972144
0.000197288713497722
0.000183218746118727
0.000165220442855223
0.000148978673719821
0.000137140462589135
0.000130177566743823
0.000127898082246613
0.000130177566743823
0.000137140462589135
0.000148978673719821
0.000165220442855223
0.000183218746118727
0.000197288713497722
0.000202222345972144
0.000197288713497722
0.000183218746118727
0.000165220442855223
0.000148978673719821
0.000137140462589135
0.000130177566743823
0.000127898082246613
0.000127898147389562
0.000130177625943492
0.000137140499991974
0.000148978660314157
0.000165220327714728
0.00018321846832429
0.000197288267089983
0.000202221831067794
0.000197288267089983
0.00018321846832429
0.000165220327714728
0.000148978660314157
0.000137140499991974
0.000130177625943492
0.000127898147389562
0.000130177625943492
0.000137140499991974
0.000148978660314157
0.000165220327714728
0.00018321846832429
0.000197288267089983
0.000202221831067794
0.000197288267089983
0.00018321846832429
0.000165220327714728
0.000148978660314157
0.000137140499991974
0.000130177625943492
0.000127898147389562
0.000130177625943492
0.000137140499991974
0.000148978660314157
0.000165220327714728
0.00018321846832429
0.000197288267089983
0.000202221831067794
0.000197288267089983
0.00018321846832429
0.000165220327714728
0.000148978660314157
0.000137140499991974
0.000130177625943492
0.000127898147389562
0.000130177625943492
0.000137140499991974
0.000148978660314157
0.000165220327714728
0.00018321846832429
0.000197288267089983
0.000202221831067794
0.000197288267089983
0.000183218468324291
0.000165220327714728
0.000148978660314157
0.000137140499991974
0.000130177625943492
0.000127898147389562
