9.08742211535436e-58
1.10994024362596e-57
1.35568407495774e-57
1.65583626834718e-57
2.0224429852209e-57
2.47021744037046e-57
3.01713039492389e-57
3.68513138608888e-57
4.50102963915158e-57
5.49757001582043e-57
6.71474718050174e-57
8.20141072661307e-57
1.00172256822895e-56
1.22350670774613e-56
1.49439446746858e-56
1.82525752434545e-56
2.22937457458814e-56
2.72296425437408e-56
3.32583605066401e-56
4.06218532546962e-56
4.96156436068638e-56
6.06006839493147e-56
7.40178425220859e-56
9.04055970095424e-56
1.10421645540571e-55
1.34869302423836e-55
1.64729737971612e-55
2.01201356309532e-55
2.45747891542027e-55
3.00157152541479e-55
3.66612773995661e-55
4.47781853335059e-55
5.46921990717508e-55
6.68012027960816e-55
8.15911733435512e-55
9.96556841633382e-55
1.2171972750344e-54
1.48668810895205e-54
1.81584495679796e-54
2.21787803862424e-54
2.70892235363856e-54
3.30868523437589e-54
4.04123727115049e-54
4.93597834936283e-54
6.02881757013075e-54
7.36361440860221e-54
8.99393894869461e-54
1.09852218386598e-53
1.34173802527406e-53
1.6388025247981e-53
2.00163792386823e-53
2.44480608105066e-53
2.98609289056208e-53
3.64722209265496e-53
4.45472712359149e-53
5.4410159956055e-53
6.64567194422627e-53
8.11704204250554e-53
9.91417753881835e-53
1.21092037908024e-52
1.47902149092096e-52
1.80648092838904e-52
2.20644078849809e-52
2.69495286478867e-52
3.2916228621645e-52
4.02039724267086e-52
4.91052428109775e-52
5.9977279009452e-52
7.3256414009086e-52
8.94755861236224e-52
1.09285727679391e-51
1.33481889215147e-51
1.63035147651812e-51
1.99131579018977e-51
2.43219859850565e-51
2.97069407660807e-51
3.62841393881918e-51
4.43175479262063e-51
5.41295752719633e-51
6.61140125352147e-51
8.07518372635464e-51
9.86305167601984e-51
1.20467585209668e-50
1.47139440843984e-50
1.79716518880988e-50
2.19506251848183e-50
2.68105541440773e-50
3.27464847793782e-50
3.99966468295826e-50
4.88520147548106e-50
5.96679855632071e-50
7.28786421407625e-50
8.90141745216944e-50
1.08722158276147e-49
1.32793543991615e-49
1.62194400897222e-49
1.98104688614002e-49
2.41965613077604e-49
2.95537467192907e-49
3.60970277569083e-49
4.40890092636715e-49
5.38504375191986e-49
6.57730729140803e-49
8.03354126699279e-49
9.81218946129856e-49
1.19846352716202e-48
1.46380665763005e-48
1.78789748904256e-48
2.18374292442423e-48
2.66722963100452e-48
3.25776162795546e-48
3.97903903781318e-48
4.86000925561195e-48
5.93602870948841e-48
7.25028183828712e-48
8.8555142347225e-48
1.08161495112167e-47
1.32108748456727e-47
1.61357989742135e-47
1.97083093722225e-47
2.40717834259066e-47
2.94013426702362e-47
3.59108810310389e-47
4.38616491392728e-47
5.35727392361616e-47
6.54338914652425e-47
7.99211355128018e-47
9.76158953506277e-47
1.19228323821532e-46
1.45625803566433e-46
1.77867758135333e-46
2.17248170374259e-46
2.65347514500371e-46
3.240961860817e-46
3.95851975589381e-46
4.83494694808023e-46
5.90541753794331e-46
7.21289326893132e-46
8.80984773298766e-46
1.07603723200423e-45
1.314274843053e-45
1.60525891828547e-45
1.96066767035506e-45
2.39476490040715e-45
2.92497245450246e-45
3.57256942347184e-45
4.36354614754714e-45
5.32964729997328e-45
6.50964591220828e-45
7.95089947181729e-45
9.71125054473177e-45
1.186134820052e-44
1.44874834076132e-44
1.76950521928585e-44
2.16127855541456e-44
2.63979158873578e-44
3.22424872744985e-44
3.93810628870168e-44
4.81001388294816e-44
5.87496422342161e-44
7.17569750657949e-44
8.76441672625927e-44
1.07048827631181e-43
1.30749733326537e-43
1.5969808491374e-43
1.95055681386539e-43
2.38241547240331e-43
2.90988882907683e-43
3.55414624177392e-43
4.34104402260728e-43
5.30216314250726e-43
6.47607668647349e-43
7.90989792691552e-43
9.66117114470005e-43
1.18001810831941e-42
1.44127737218026e-42
1.76038015765484e-42
2.15013317997003e-42
2.6261785964271e-42
3.20762178109728e-42
3.91779809056686e-42
4.78520939373299e-42
5.84466795187945e-42
7.13869355695588e-42
8.71922000012616e-42
1.06496793571594e-41
1.3007547740356e-41
1.58874546869707e-41
1.9404980974811e-41
2.37012972846796e-41
2.89488298754819e-41
3.5358180655423e-41
4.3186579376059e-41
5.27482071654217e-41
6.44268057198499e-41
7.86910782056748e-41
9.61134999630078e-41
1.17393293951246e-40
1.43384493021559e-40
1.7513021525393e-40
2.13904527948334e-40
2.61263580419045e-40
3.19108057730621e-40
3.89759461863317e-40
4.7605328173888e-40
5.8145279134707e-40
7.10188043091238e-40
8.67425634644015e-40
1.05947606265303e-39
1.29404698512909e-39
1.58055255682552e-39
1.93049125232382e-39
2.35790734019236e-39
2.87995452879709e-39
3.51758440484862e-39
4.29638729414332e-39
5.24761929119094e-39
6.40945667603515e-39
7.82852806241741e-39
9.56178576777087e-39
1.16787915096921e-38
1.42645081619154e-38
1.74227096127618e-38
2.12801455756509e-38
2.59916285001501e-38
3.17462467391576e-38
3.87749533284405e-38
4.73598349428889e-38
5.78454330252551e-38
7.06525714440161e-38
8.629524563283e-38
1.05401251032047e-37
1.28737378724076e-37
1.57240189451896e-37
1.92053601090174e-37
2.3457479808613e-37
2.86510305377267e-37
3.49944477229102e-37
4.27423149690549e-37
5.22055813933541e-37
6.37640411051981e-37
7.78815756773271e-37
9.51247713421476e-37
1.16185658086654e-36
1.41909483245693e-36
1.73328634245376e-36
2.11704071935435e-36
2.58575937375682e-36
3.15825363104507e-36
3.85749969592784e-36
4.71156076820825e-36
5.75471331752883e-36
7.02882271845074e-36
8.58502345493462e-36
1.04857713267269e-35
1.28073500199011e-35
1.56429326390299e-35
1.91063210710249e-35
2.33365132544435e-35
2.85032816548187e-35
3.48139868298116e-35
4.25218995364841e-35
5.19363653760708e-35
6.34352199191478e-35
7.74799525737437e-35
9.463422777569e-35
1.15586506821585e-34
1.41177678237984e-34
1.72434805590522e-34
2.10612347151075e-34
2.57242501712912e-34
3.1419670110817e-34
3.83760717338349e-34
4.68726398630583e-34
5.72503716109879e-34
6.9925761791355e-34
8.54075183184122e-34
1.04316978441723e-33
1.27413045191656e-33
1.55622644822676e-33
1.90077927618597e-33
2.32161705058723e-33
2.83562946897893e-33
3.46344565453111e-33
4.23026207518216e-33
5.16685376636783e-33
6.310809441252e-33
7.70804005776834e-33
9.41462138656742e-33
1.14990445285871e-32
1.4044964703423e-32
1.7154558627023e-32
2.09526252220662e-32
2.55915942369279e-32
3.12576437866998e-32
3.81781723346633e-32
4.66309249910715e-32
5.69551403996553e-32
6.95651655755384e-32
8.49670851058318e-32
1.03779032101093e-31
1.26755996047467e-31
1.54820123185717e-31
1.89097725477731e-31
2.30964483460316e-31
2.82100657135469e-31
3.44558520704057e-31
4.20844727535525e-31
5.14020910969053e-31
6.27826558409606e-31
7.66829090087697e-31
9.36607165670568e-31
1.14397457546261e-30
1.39725370173514e-30
1.70660952514881e-30
2.08445758111917e-30
2.54596223884684e-30
3.10964530069918e-30
3.79812934717377e-30
4.63904566048714e-30
5.66614316494997e-30
6.92064288980026e-30
8.45289231384363e-30
1.03243859865595e-29
1.2610233520294e-29
1.54021740027309e-29
1.88122578085983e-29
2.29773435746423e-29
2.80645908172618e-29
3.42781686308403e-29
4.18674497103878e-29
5.11370185533997e-29
6.24588955052103e-29
7.62874672417014e-29
9.3177722902068e-29
1.13807527751669e-28
1.39004828295279e-28
1.69780880677434e-28
2.07370835942282e-28
2.53283310981884e-28
3.09360934629212e-28
3.77854298823128e-28
4.61512282765245e-28
5.63692375094266e-28
6.88495421693995e-28
8.40930207037694e-28
1.02711447429604e-27
1.25452045185142e-27
1.53227474005967e-27
1.87152459376803e-27
2.28588530079287e-27
2.7919866112262e-27
3.41014014769795e-27
4.165154582111e-27
5.08733129475385e-27
6.21368047508691e-27
7.58940647059715e-27
9.26972199598599e-27
1.13220640132753e-26
1.38288002138804e-26
1.68905347232794e-26
2.06301456978136e-26
2.51977168565557e-26
3.07765608679361e-26
3.75905763307817e-26
4.59132336112471e-26
5.60785501688294e-26
6.84944958498316e-26
8.36593661497746e-26
1.02181780561267e-25
1.24805108611248e-25
1.52437303890258e-25
1.86187343418061e-25
2.27409734785335e-25
2.7775887729928e-25
3.39255458836813e-25
4.14367553144177e-25
5.0610967230238e-25
6.18163749681666e-25
7.5502690885582e-25
9.22191948961648e-25
1.12636779001486e-24
1.37574872542692e-24
1.68034328777178e-24
2.05237592634037e-24
2.50677761721366e-24
3.06178509575895e-24
3.73967276085368e-24
4.56764662472314e-24
5.57893618573785e-24
6.81412804485978e-24
8.3227947884483e-24
1.01654845102118e-23
1.24161508188072e-23
1.51651208558238e-23
1.85227204411355e-23
2.26237018354327e-23
2.76326518215908e-23
3.37505971501706e-23
4.12230724487712e-23
5.03499743887656e-23
6.14975975917321e-23
7.51133353187661e-23
9.17436349329505e-23
1.12055928750745e-22
1.3686542044436e-22
1.67167802027492e-22
2.04179214471952e-22
2.4938505571502e-22
3.04599594894253e-22
3.7203878533831e-22
4.54409198554771e-22
5.55016648448151e-22
6.77898865239385e-22
8.27987543757033e-22
1.0113062696671e-21
1.23521226711607e-21
1.50869166996885e-21
1.84272016691322e-21
2.25070349438518e-21
2.74901545584279e-21
3.35765505999132e-21
4.10104915122385e-21
5.00903274465524e-21
6.11804641003652e-21
7.47259875977052e-21
9.12705273580799e-21
1.11478073853892e-20
1.36159626879527e-20
1.66305743820713e-20
2.03126294200498e-20
2.48099015991342e-20
3.0302882242865e-20
3.70120239516381e-20
4.52065881396211e-20
5.5215451440744e-20
6.74403046827837e-20
8.23717741507141e-20
1.00609112142229e-19
1.22884247066564e-19
1.50091158301537e-19
1.83321754724952e-19
2.23909696851818e-19
2.73483921313619e-19
3.34034015804913e-19
4.07990068223438e-19
4.98320194630063e-19
6.08649660168073e-19
7.43406373682535e-19
9.07998595249697e-19
1.10903198864354e-18
1.35457472981708e-18
1.65448131113264e-18
2.02078803674187e-18
2.46819608173359e-18
3.01466150190953e-18
3.68211587335158e-18
4.49734648357696e-18
5.49307139944284e-18
6.70925255805024e-18
8.19469957959573e-18
1.00090286688122e-17
1.22250552225914e-17
1.49317161675336e-17
1.82376393110903e-17
2.2275502956896e-17
2.72073607509579e-17
3.32311454634787e-17
4.05886127259147e-17
4.95750435333272e-17
6.05510949075163e-17
7.39572743296586e-17
9.03316188522533e-17
1.10331288415215e-16
1.34758939981709e-16
1.64594940980401e-16
2.01036714892672e-16
2.45546798061369e-16
2.99911536409554e-16
3.66312777774684e-16
4.47415437123312e-16
5.46474448945852e-16
6.67465399206521e-16
8.15244079567324e-16
9.95741367357279e-16
1.21620125250436e-15
1.48547156428668e-15
1.81435906578825e-15
2.21606316724668e-15
2.70670566473225e-15
3.30597776443173e-15
4.03793035989311e-15
4.93193927883213e-15
6.02388423824404e-15
7.35758882342885e-15
8.98657928234443e-15
1.09762327218805e-14
1.34064009207128e-14
1.63746150615596e-14
2e-14
